image: lol.pgm
resolution: 0.050000
origin: [-11.200000, -8.000000, 0.000000]
negate: 0
occupied_thresh: 0.65
free_thresh: 0.196

